x<1

x<-1+2

y<-2

z=500

y>8

#added on github.com

w >-1

n=100